xq201601150757.lvm  2   8608    11008   131
xq201601150757.lvm  2   11039   13439   123
xq201601151125.lvm  2   61881   64281   149
xq201601151125.lvm  2   64314   66714   137
xq201601151125.lvm  2   66743   69143   152
xq201601151125.lvm  2   86192   88592   127
xq201601151125.lvm  2   88623   91023   145
xq201601151125.lvm  2   105640  108040  130
xq201601151125.lvm  2   108070  110470  119
xq201601151249.lvm  2   4900    7300    119
xq201601151249.lvm  2   9761    12161   114
xq201601151249.lvm  2   36482   38882   143
xq201601151249.lvm  2   38912   41312   130
xq201601151249.lvm  2   41340   43740   125
xq201601151125.lvm  3   86192   88592   127
xq201601151125.lvm  3   103208  105608  109
xq201601151249.lvm  3   4900    7300    119
xq201601151249.lvm  3   7330    9730    114
xq201601151249.lvm  3   9761    12161   114
xq201601151249.lvm  3   36482   38882   143
xq201601151249.lvm  3   38912   41312   130
xq201601151249.lvm  3   41340   43740   125
xq201601151249.lvm  3   145782  148182  109
xq201601151125.lvm  4   88623   91023   145
xq201601151249.lvm  4   80203   82603   117
xq201601151249.lvm  4   82631   85031   118
xq201601151249.lvm  4   85060   87460   123
xq201601151249.lvm  4   99634   102034  124
xq201601151249.lvm  4   102062  104462  119
xq201601151249.lvm  4   104491  106891  130
xq201601151249.lvm  4   123923  126323  117
xq201601151249.lvm  4   126351  128751  115
xq201601151125.lvm  5   88623   91023   145
xq201601151125.lvm  5   88623   91023   145
xq201601151249.lvm  5   80203   82603   117
xq201601151249.lvm  5   82631   85031   118
xq201601151249.lvm  5   104491  106891  130
xq201601181537.lvm  3   2807    5207    116
xq201601181537.lvm  3   4144    6544    112
xq201601181537.lvm  3   16177   18577   110
xq201601181537.lvm  3   17514   19479   106
xq201601181537.lvm  4   2807    5207    116
xq201601181537.lvm  4   4144    6544    112
xq201601181537.lvm  4   5481    7881    108
xq201601181537.lvm  4   16177   18577   110
xq201601181537.lvm  4   17514   19479   106
